{"annotations": [{"rot_mat": [[0.05635253560893051, -0.062263941299483504, 0.9964675575974855], [-0.6381068870506513, 0.7653618408648742, 0.08390979231566284], [-0.767882798628131, -0.6405813407849036, 0.003399030632936545]], "trans_mat": [0.39911423948473945, 0.16604881997835494, 3.570801089917899], "focal_length": 40.65, "K": [1219.5, 540.0, 360.0], "bbox": [282, 196, 221, 241], "segmentation": [[346, 196, 346, 197, 345, 198, 345, 200, 344, 201, 344, 203, 343, 204, 343, 207, 342, 208, 342, 210, 341, 211, 341, 213, 340, 214, 340, 216, 339, 217, 339, 219, 338, 220, 338, 222, 337, 223, 337, 225, 336, 226, 336, 229, 335, 230, 335, 232, 334, 233, 334, 235, 333, 236, 333, 238, 332, 239, 332, 241, 331, 242, 331, 245, 330, 246, 330, 248, 329, 249, 329, 251, 328, 252, 328, 254, 327, 255, 327, 257, 326, 258, 326, 260, 325, 261, 325, 263, 324, 264, 324, 266, 323, 267, 323, 270, 322, 271, 322, 273, 321, 274, 321, 276, 320, 277, 320, 279, 319, 280, 319, 282, 318, 283, 318, 285, 317, 286, 317, 288, 316, 289, 316, 291, 315, 292, 315, 294, 314, 295, 314, 297, 313, 298, 313, 301, 312, 302, 312, 304, 311, 305, 311, 307, 310, 308, 310, 310, 309, 311, 309, 313, 308, 314, 308, 316, 307, 317, 307, 319, 306, 320, 306, 323, 305, 324, 305, 326, 304, 327, 304, 329, 303, 330, 303, 332, 302, 333, 302, 335, 301, 336, 301, 339, 300, 340, 300, 342, 299, 343, 299, 345, 298, 346, 298, 348, 297, 349, 297, 351, 296, 352, 296, 354, 295, 355, 295, 357, 294, 358, 294, 361, 293, 362, 293, 364, 292, 365, 292, 367, 291, 368, 291, 370, 290, 371, 290, 373, 289, 374, 289, 376, 288, 377, 288, 378, 287, 379, 287, 381, 286, 382, 286, 384, 285, 385, 285, 387, 284, 388, 284, 390, 283, 391, 283, 393, 282, 394, 282, 400, 283, 401, 283, 406, 284, 407, 284, 413, 285, 414, 285, 420, 286, 421, 286, 424, 287, 425, 291, 425, 292, 426, 312, 426, 313, 427, 325, 427, 326, 428, 344, 428, 345, 429, 361, 429, 362, 430, 379, 430, 380, 431, 396, 431, 397, 432, 412, 432, 413, 433, 426, 433, 427, 434, 444, 434, 445, 435, 458, 435, 459, 436, 470, 436, 472, 434, 472, 433, 473, 432, 473, 428, 474, 427, 474, 421, 475, 420, 475, 414, 476, 413, 476, 406, 477, 405, 477, 399, 478, 398, 478, 392, 479, 391, 479, 383, 480, 382, 480, 376, 481, 375, 481, 368, 482, 367, 482, 361, 483, 360, 483, 353, 484, 352, 484, 346, 485, 345, 485, 338, 486, 337, 486, 330, 487, 329, 487, 322, 488, 321, 488, 314, 489, 313, 489, 308, 490, 307, 490, 301, 491, 300, 491, 294, 492, 293, 492, 287, 493, 286, 493, 280, 494, 279, 494, 272, 495, 271, 495, 265, 496, 264, 496, 257, 497, 256, 497, 249, 498, 248, 498, 241, 499, 240, 499, 232, 500, 231, 500, 225, 501, 224, 501, 208, 502, 207, 502, 204, 501, 203, 501, 202, 479, 202, 478, 201, 461, 201, 460, 200, 438, 200, 437, 199, 414, 199, 413, 198, 393, 198, 392, 197, 370, 197, 369, 196]], "keypoints": [473.39, 407.57, 286.59, 427.22, 282.15, 398.35, 473.98, 436.37, 501.62, 202.37, 349.75, 222.3, 347.21, 195.6, 501.63, 229.05], "num_keyspoints": 8, "model": "model/model.obj", "voxel": "model/model.binvox", "area": 0, "iscrowd": 0, "category_id": 0, "image_id": 4950, "centroid3d": [0.3973, 0.1637, 3.571], "centroid2d": [404.34, 304.09], "pose": {"keypoints3d": [[0.24899999797344208, 0.051100000739097595, -0.492900013923645], [-0.24899999797344208, 0.051100000739097595, -0.492900013923645], [-0.24899999797344208, -0.051100000739097595, -0.492900013923645], [0.24899999797344208, -0.051100000739097595, -0.492900013923645], [0.24899999797344208, 0.051100000739097595, 0.492900013923645], [-0.24899999797344208, 0.051100000739097595, 0.492900013923645], [-0.24899999797344208, -0.051100000739097595, 0.492900013923645], [0.24899999797344208, -0.051100000739097595, 0.492900013923645]], "R_pa2oc": [[0.9939, 0.0, 0.1104], [-0.0051, 0.999, 0.0455], [-0.1103, -0.0458, 0.9928]], "R_allo": [[-0.9894, -0.0469, -0.1376], [-0.0458, -0.7974, 0.6017], [-0.1379, 0.6017, 0.7868]], "R_ego": [[-0.9986, 0.0198, -0.0498], [-0.0471, -0.7689, 0.6376], [-0.0257, 0.639, 0.7687]], "dimensions": {"length": 0.9857, "width": 0.4979, "height": 0.1021}}, "keypoints3d": [0.1722, -0.123, 3.1531, 0.6714, -0.1781, 3.2312, 0.6694, -0.0996, 3.1659, 0.1742, -0.2015, 3.2184, 0.1231, 0.5055, 3.9109, 0.6223, 0.4504, 3.9889, 0.6203, 0.5289, 3.9237, 0.1251, 0.427, 3.9761]}], "images": [{"file_name": "rgb.png", "height": 720, "width": 1080, "env_map": "AG8A4967-5c8b3b943a.exr", "illumination": 22.29, "scale": 129.71154518035254, "id": 4950, "num_distractors": 0}]}