{"annotations": [{"rot_mat": [[-0.8756225408572236, 0.0030786272837254407, -0.48298621926177937], [0.21951219870429264, 0.8932752377287084, -0.392267439740704], [0.4302319845882532, -0.44949957921533995, -0.7828477295888938]], "trans_mat": [0.21369921648184598, -0.026297070986877724, 2.8737374393768036], "focal_length": 40.75, "K": [1222.5, 540.0, 360.0], "bbox": [366, 243, 195, 301], "segmentation": [[464, 243, 463, 244, 453, 244, 452, 245, 442, 245, 441, 246, 428, 246, 427, 247, 416, 247, 415, 248, 401, 248, 400, 249, 381, 249, 380, 250, 373, 250, 372, 251, 369, 251, 368, 252, 366, 252, 366, 268, 367, 269, 367, 283, 368, 284, 368, 296, 369, 297, 369, 311, 370, 312, 370, 329, 371, 330, 371, 343, 372, 344, 372, 351, 373, 352, 373, 355, 374, 356, 374, 359, 375, 360, 375, 364, 376, 365, 376, 369, 377, 370, 377, 372, 378, 373, 378, 376, 379, 377, 379, 379, 380, 380, 380, 383, 381, 384, 381, 386, 382, 387, 382, 390, 383, 391, 383, 393, 384, 394, 384, 397, 385, 398, 385, 402, 386, 403, 386, 404, 385, 405, 385, 407, 384, 408, 384, 412, 383, 413, 383, 417, 382, 418, 382, 430, 383, 431, 383, 435, 384, 436, 384, 438, 385, 439, 385, 442, 386, 443, 386, 446, 387, 447, 387, 450, 388, 451, 388, 454, 389, 455, 389, 459, 390, 460, 390, 463, 391, 464, 391, 468, 392, 469, 392, 473, 393, 474, 393, 478, 394, 479, 394, 483, 395, 484, 395, 488, 396, 489, 396, 493, 397, 494, 397, 499, 398, 500, 398, 504, 399, 505, 399, 510, 400, 511, 400, 516, 401, 517, 401, 525, 402, 526, 402, 533, 403, 534, 403, 541, 404, 542, 404, 543, 412, 543, 413, 542, 416, 542, 417, 541, 420, 541, 421, 540, 424, 540, 425, 539, 429, 539, 430, 538, 433, 538, 434, 537, 438, 537, 439, 536, 444, 536, 445, 535, 448, 535, 449, 534, 454, 534, 455, 533, 458, 533, 459, 532, 464, 532, 465, 531, 469, 531, 470, 530, 474, 530, 475, 529, 480, 529, 481, 528, 485, 528, 486, 527, 491, 527, 492, 526, 496, 526, 497, 525, 501, 525, 502, 524, 507, 524, 508, 523, 512, 523, 513, 522, 518, 522, 519, 521, 523, 521, 524, 520, 529, 520, 530, 519, 535, 519, 536, 518, 541, 518, 542, 517, 545, 517, 546, 516, 548, 516, 550, 514, 550, 497, 551, 496, 551, 489, 552, 488, 552, 481, 553, 480, 553, 474, 554, 473, 554, 466, 555, 465, 555, 459, 556, 458, 556, 451, 557, 450, 557, 445, 558, 444, 558, 440, 559, 439, 559, 433, 560, 432, 560, 416, 559, 415, 559, 413, 558, 412, 558, 410, 557, 409, 557, 408, 556, 407, 556, 406, 555, 405, 555, 404, 554, 403, 554, 401, 553, 400, 553, 399, 552, 398, 552, 397, 550, 395, 550, 394, 549, 393, 549, 392, 548, 391, 548, 390, 546, 388, 546, 387, 545, 386, 545, 385, 544, 384, 544, 383, 543, 382, 543, 381, 542, 380, 542, 378, 541, 377, 541, 375, 540, 374, 540, 373, 539, 372, 539, 370, 538, 369, 538, 367, 537, 366, 537, 364, 536, 363, 536, 361, 535, 360, 535, 359, 534, 358, 534, 356, 533, 355, 533, 353, 532, 352, 532, 350, 531, 349, 531, 348, 530, 347, 530, 346, 529, 345, 529, 344, 528, 343, 528, 341, 527, 340, 527, 339, 526, 338, 526, 337, 525, 336, 525, 335, 524, 334, 524, 333, 523, 332, 523, 331, 522, 330, 522, 329, 521, 328, 521, 327, 519, 325, 519, 324, 517, 322, 517, 321, 515, 319, 515, 318, 513, 316, 513, 315, 512, 314, 512, 313, 510, 311, 510, 310, 509, 309, 509, 308, 506, 305, 506, 304, 504, 302, 504, 301, 503, 300, 503, 299, 502, 298, 502, 297, 501, 296, 501, 295, 500, 294, 500, 293, 499, 292, 499, 290, 498, 289, 498, 288, 497, 287, 497, 286, 496, 285, 496, 284, 495, 283, 495, 282, 494, 281, 494, 278, 493, 277, 493, 275, 492, 274, 492, 271, 491, 270, 491, 268, 490, 267, 490, 265, 489, 264, 489, 261, 488, 260, 488, 258, 487, 257, 487, 255, 486, 254, 486, 252, 485, 251, 485, 249, 484, 248, 484, 246, 483, 245, 483, 244, 482, 243]], "keypoints": [393.17, 420.01, 374.71, 344.72, 368.37, 248.51, 400.33, 538.99, 551.37, 406.57, 489.02, 336.13, 487.18, 241.05, 550.65, 523.91], "num_keyspoints": 8, "model": "model/model.obj", "voxel": "model/model.binvox", "area": 0, "iscrowd": 0, "category_id": 1, "image_id": 1265, "centroid3d": [0.2131, -0.0255, 2.8737], "centroid2d": [449.35, 370.85], "pose": {"keypoints3d": [[0.46309998631477356, 0.1396999955177307, -0.1565999984741211], [-0.46309998631477356, 0.1396999955177307, -0.1565999984741211], [-0.46309998631477356, -0.1396999955177307, -0.1565999984741211], [0.46309998631477356, -0.1396999955177307, -0.1565999984741211], [0.46309998631477356, 0.1396999955177307, 0.1565999984741211], [-0.46309998631477356, 0.1396999955177307, 0.1565999984741211], [-0.46309998631477356, -0.1396999955177307, 0.1565999984741211], [0.46309998631477356, -0.1396999955177307, 0.1565999984741211]], "R_pa2oc": [[-0.9973, -0.0, 0.0739], [-0.0007, -1.0, -0.0088], [0.0739, -0.0089, 0.9972]], "R_allo": [[0.1104, 0.0324, 0.9934], [0.4484, 0.8903, -0.0789], [-0.887, 0.4541, 0.0838]], "R_ego": [[-0.1757, 0.0012, -0.9844], [-0.4406, -0.8943, 0.0775], [-0.8803, 0.4474, 0.1577]], "dimensions": {"length": 0.3132, "width": 0.9262, "height": 0.2793}}, "keypoints3d": [0.2857, -0.1168, 2.3789, 0.4488, 0.0415, 3.3192, 0.4484, 0.2913, 3.1942, 0.2861, -0.3666, 2.5038, -0.0226, -0.0925, 2.4282, 0.1405, 0.0658, 3.3686, 0.1401, 0.3156, 3.2436, -0.0222, -0.3423, 2.5532]}], "images": [{"file_name": "rgb.png", "height": 720, "width": 1080, "env_map": "AG8A0075-4a6276645b.exr", "illumination": 148.63, "scale": 72.84633195836162, "id": 1265, "num_distractors": 2}]}