{"annotations": [{"rot_mat": [[-0.8909780694066328, 0.11065960174467837, 0.4403550072136548], [-0.20344591532419207, 0.7697411542557157, -0.6050688514400488], [-0.4059160496633885, -0.6286915046243169, -0.6633092435952341]], "trans_mat": [-0.6188426619633448, 0.24793387053287858, 3.2277422478291187], "focal_length": 29.72, "K": [891.5999999999999, 540.0, 360.0], "bbox": [579, 155, 282, 282], "segmentation": [[749, 155, 748, 156, 744, 156, 743, 157, 740, 157, 739, 158, 737, 158, 736, 159, 734, 159, 733, 160, 730, 160, 729, 161, 727, 161, 726, 162, 724, 162, 723, 163, 720, 163, 719, 164, 716, 164, 715, 165, 713, 165, 712, 166, 710, 166, 709, 167, 706, 167, 705, 168, 703, 168, 702, 169, 699, 169, 698, 170, 696, 170, 695, 171, 693, 171, 692, 172, 690, 172, 689, 173, 686, 173, 685, 174, 683, 174, 682, 175, 680, 175, 679, 176, 677, 176, 676, 177, 674, 177, 673, 178, 671, 178, 670, 179, 667, 179, 666, 180, 664, 180, 663, 181, 661, 181, 660, 182, 658, 182, 657, 183, 654, 183, 653, 184, 651, 184, 650, 185, 648, 185, 647, 186, 644, 186, 643, 187, 641, 187, 640, 188, 637, 188, 636, 189, 633, 189, 632, 190, 629, 190, 628, 191, 625, 191, 624, 192, 620, 192, 619, 193, 614, 193, 613, 194, 609, 194, 608, 195, 606, 195, 605, 196, 603, 196, 602, 197, 600, 197, 599, 198, 596, 198, 595, 199, 593, 199, 592, 200, 591, 200, 590, 201, 588, 201, 587, 202, 585, 202, 584, 203, 583, 203, 582, 204, 581, 204, 580, 205, 580, 226, 579, 227, 579, 235, 580, 236, 580, 246, 581, 247, 581, 260, 582, 261, 582, 271, 583, 272, 583, 279, 584, 280, 584, 287, 585, 288, 585, 295, 586, 296, 586, 310, 587, 311, 587, 320, 588, 321, 588, 326, 589, 327, 589, 331, 590, 332, 590, 335, 591, 336, 591, 337, 593, 339, 593, 340, 594, 341, 594, 342, 596, 344, 596, 345, 597, 346, 597, 347, 600, 350, 600, 351, 602, 353, 602, 354, 604, 356, 604, 357, 607, 360, 607, 361, 609, 363, 609, 364, 612, 367, 612, 368, 615, 371, 615, 372, 618, 375, 618, 376, 624, 382, 624, 383, 632, 391, 632, 392, 635, 395, 635, 396, 636, 397, 636, 398, 637, 399, 637, 400, 638, 401, 638, 402, 641, 405, 641, 406, 642, 407, 642, 408, 644, 410, 644, 411, 645, 412, 645, 413, 647, 415, 647, 416, 649, 418, 649, 419, 657, 427, 657, 428, 665, 436, 671, 436, 672, 435, 675, 435, 676, 434, 678, 434, 679, 433, 680, 433, 681, 432, 683, 432, 684, 431, 686, 431, 687, 430, 688, 430, 689, 429, 691, 429, 692, 428, 694, 428, 695, 427, 696, 427, 697, 426, 698, 426, 699, 425, 701, 425, 702, 424, 703, 424, 704, 423, 706, 423, 707, 422, 709, 422, 710, 421, 711, 421, 712, 420, 714, 420, 715, 419, 716, 419, 717, 418, 718, 418, 719, 417, 721, 417, 722, 416, 724, 416, 725, 415, 726, 415, 727, 414, 729, 414, 730, 413, 732, 413, 733, 412, 735, 412, 736, 411, 738, 411, 739, 410, 740, 410, 741, 409, 743, 409, 744, 408, 746, 408, 747, 407, 749, 407, 750, 406, 752, 406, 753, 405, 755, 405, 756, 404, 757, 404, 758, 403, 760, 403, 761, 402, 763, 402, 764, 401, 766, 401, 767, 400, 769, 400, 770, 399, 772, 399, 773, 398, 775, 398, 776, 397, 778, 397, 779, 396, 781, 396, 782, 395, 784, 395, 785, 394, 787, 394, 788, 393, 790, 393, 791, 392, 793, 392, 794, 391, 796, 391, 797, 390, 799, 390, 800, 389, 803, 389, 804, 388, 806, 388, 807, 387, 809, 387, 810, 386, 812, 386, 813, 385, 815, 385, 816, 384, 819, 384, 820, 383, 822, 383, 823, 382, 825, 382, 826, 381, 828, 381, 829, 380, 831, 380, 832, 379, 834, 379, 835, 378, 836, 378, 837, 377, 838, 377, 839, 376, 840, 376, 841, 375, 841, 373, 842, 372, 842, 367, 843, 366, 843, 358, 844, 357, 844, 347, 845, 346, 845, 338, 846, 337, 846, 329, 847, 328, 847, 321, 848, 320, 848, 314, 849, 313, 849, 307, 850, 306, 850, 300, 851, 299, 851, 293, 852, 292, 852, 287, 853, 286, 853, 281, 854, 280, 854, 274, 855, 273, 855, 268, 856, 267, 856, 262, 857, 261, 857, 256, 858, 255, 858, 250, 859, 249, 859, 242, 860, 241, 860, 235, 859, 234, 859, 233, 854, 228, 853, 228, 850, 225, 849, 225, 846, 222, 845, 222, 843, 220, 842, 220, 840, 218, 839, 218, 836, 215, 835, 215, 833, 213, 832, 213, 830, 211, 829, 211, 827, 209, 826, 209, 823, 206, 822, 206, 820, 204, 819, 204, 816, 201, 815, 201, 812, 198, 811, 198, 809, 196, 808, 196, 805, 193, 804, 193, 802, 191, 801, 191, 798, 188, 797, 188, 795, 186, 794, 186, 791, 183, 790, 183, 787, 180, 786, 180, 784, 178, 783, 178, 780, 175, 779, 175, 776, 172, 775, 172, 771, 168, 770, 168, 767, 165, 766, 165, 763, 162, 762, 162, 759, 159, 758, 159, 756, 157, 755, 157, 754, 156, 753, 156, 752, 155]], "keypoints": [661.85, 299.05, 590.8, 336.65, 578.26, 204.99, 666.15, 440.35, 861.68, 234.89, 746.58, 286.04, 752.18, 154.48, 842.4, 377.24], "num_keyspoints": 8, "model": "model/model.obj", "voxel": "model/model.binvox", "area": 0, "iscrowd": 0, "category_id": 1, "image_id": 5396, "centroid3d": [-0.6188, 0.2479, 3.2277], "centroid2d": [710.94, 291.51], "pose": {"keypoints3d": [[0.3321000039577484, 0.30169999599456787, -0.35600000619888306], [-0.3321000039577484, 0.30169999599456787, -0.35600000619888306], [-0.3321000039577484, -0.30169999599456787, -0.35600000619888306], [0.3321000039577484, -0.30169999599456787, -0.35600000619888306], [0.3321000039577484, 0.30169999599456787, 0.35600000619888306], [-0.3321000039577484, 0.30169999599456787, 0.35600000619888306], [-0.3321000039577484, -0.30169999599456787, 0.35600000619888306], [0.3321000039577484, -0.30169999599456787, 0.35600000619888306]], "R_pa2oc": [[-0.0412, 0.9814, -0.1878], [-0.9968, -0.0274, 0.0752], [0.0687, 0.1903, 0.9793]], "R_allo": [[0.5227, 0.815, -0.2501], [-0.4717, 0.0321, -0.8812], [-0.7101, 0.5786, 0.4012]], "R_ego": [[-0.3511, -0.1107, -0.9298], [-0.5615, -0.7697, 0.3036], [-0.7493, 0.6287, 0.2081]], "dimensions": {"length": 0.712, "width": 0.6642, "height": 0.6034}}, "keypoints3d": [-0.3711, 0.1856, 2.7151, -0.2047, 0.0941, 3.5922, -0.1379, 0.5586, 3.2128, -0.4378, -0.2789, 3.0945, -1.033, 0.4018, 2.8633, -0.8666, 0.3103, 3.7404, -0.7998, 0.7747, 3.361, -1.0998, -0.0627, 3.2427]}], "images": [{"file_name": "rgb.png", "height": 720, "width": 1080, "env_map": "9C4A6593-cc89f63f32.exr", "illumination": 139.76, "scale": 63.61768127308022, "id": 5396, "num_distractors": 0}]}